$ANSIBLE_VAULT;1.1;AES256
61393361636537666237333561613438353833396362323665653635333365313632663138393464
3235343235373336386135306436373332613033303034330a353536663964306266376662366263
63346635333630656238366566666463373536323536396566363163393932613130623366323334
3730333438326538380a623461333435376635373837346166303230383231623331363535623934
38373834393464636633353132356136383363316134356334323737303762393063326532356135
37643535386466656365663432376335666533653737323861393936353236343532663238663430
30376161616161653539633934333366383061373134313866646262613430363930303866613837
66643636393131393766653632386131613663363338376461623836613462643766376363626563
37393938326465633661663938613935653838613063613937663837323435323765326461346261
31616130336662326233623466353933343139666636313333303335306632663465666232373037
33346235663765393337656336653866393233616561613738343337653038653665356535633631
39366432343634303861
