$ANSIBLE_VAULT;1.1;AES256
33346132656133323263366630316265383032356264303236306562366336346133303931366363
6166623234393661383738316361653639353863323062660a333966363436333031363936396438
31333262343961646537623534373165363735316566653133626435633538306636616162306535
3336396134363466350a363839663636313862643531633762626563396333646136376430643634
39383738613433643139323263613061353464383864636334313865313162316236343261333237
36303836313661336534613630663161633163646131376238643335303663653338363261633165
62623833626462633563386631643962393936646563663738623530666332353836303062376635
64326237663737316438633063343935383463663937373634303236376635643062666664633132
63633236373462376637363563363564643433356138636233363034306130306139306461373331
39396564303963633135303536383862336562623663336636373435373366353934613964353863
36313638623335356562626135383337656632333530333561623265323930323732333736343532
31366239663161663562
