$ANSIBLE_VAULT;1.1;AES256
65373566353363396261353836316461353537636561316565353137306636373330306361396438
3435646636363566346635323838346138306239653735320a306263616264343862393065626234
61633866336565363137353231656534356538333661663961333938336233396439333564666334
3934373332383231380a316436663639323062373636363635656664663564363866373665376337
34653036396639313735326436663966393538316136663839623938343164626335626661336432
62333061376565613731663932326539333137386662653264616338333662613939656538663039
36623062366332346166663937626537613738633839666330623034653561663536646364653939
61313230326564653632353966343135353762356663653931653331633633653735623066386462
34326666313634633635353761633936313264393163333566353937623235313635656166323966
37373339353236633566376539373632663862626232383065666464633337336562333966383161
66613765643266636435353866636165393666313439373361323338653839643136343364356130
37363764653366633738
